8 0 0
9 0 0
10 0 1
12 0 2
13 0 3
13.5 0 3
14 0 1
16 0 2
18 0 3
20 0 0
21 0 0
22 0 1
23 0 1
24 0 2
25 0 3
26 0 2
27 0 0
28 0 1
31.5 0 2
32 0 2
33.5 0 0
34 0 0
35.5 0 1
36 0 1
40 0 3
41 0 0
42.5 0 1
43 0 2
44 0 3
45 0 0
46.5 0 2
47 0 1
48 0 2
48.5 0 2
49 0 2
49.5 0 2
52 0 3
52.5 0 3
53 0 3
53.5 0 3
56 0 1
57 0 0
60 0 2
61 0 3
62.5 0 0
63 0 1
64 0 1
65 0 0
66.5 0 1
67 0 1
68 0 3
69 0 2
70 0 1
71 0 0
72 0 3
73 0 0
74.5 0 2
75 0 2
76 0 1
76.5 0 2
77.5 0 3
78 0 0
80 0 1
80.5 0 1
81 0 2
81.5 0 2
84 0 2
85 0 2
85.5 0 1
86 0 1
86.5 2
87.5 3
88 0 3
88.5 0 2
89 0 1
89.5 0 0
92 0 0
92.5 0 1
93 0 2
93.5 0 3
96 0 2
97 0 2
98 0 1
99 0 3
99.5 0 3
102 0 2